              precision    recall  f1-score   support

           0     1.0000    1.0000    1.0000        24
           1     1.0000    1.0000    1.0000        24
           2     1.0000    1.0000    1.0000        24
           3     1.0000    0.9583    0.9787        24
           4     0.9688    1.0000    0.9841        31
           5     0.8947    1.0000    0.9444        17
           6     1.0000    1.0000    1.0000        24
           7     1.0000    1.0000    1.0000        24
           8     1.0000    1.0000    1.0000        24
           9     1.0000    1.0000    1.0000        24
          10     1.0000    0.9583    0.9787        24
          11     1.0000    1.0000    1.0000        24
          12     1.0000    0.9167    0.9565        24
          13     0.9231    1.0000    0.9600        24
          14     1.0000    0.9583    0.9787        24
          15     1.0000    1.0000    1.0000        24
          16     1.0000    1.0000    1.0000        24
          17     1.0000    1.0000    1.0000        24
          18     1.0000    1.0000    1.0000        24
          19     1.0000    1.0000    1.0000        24
          20     1.0000    1.0000    1.0000        24
          21     1.0000    1.0000    1.0000        24
          22     1.0000    0.9583    0.9787        24
          23     1.0000    1.0000    1.0000        24
          24     1.0000    1.0000    1.0000        24
          25     1.0000    1.0000    1.0000        24
          26     0.9630    0.8125    0.8814        32
          27     0.7931    0.9583    0.8679        24
          28     0.9231    0.9600    0.9412        25
          29     1.0000    1.0000    1.0000        23
          30     0.9600    1.0000    0.9796        24
          31     0.9231    1.0000    0.9600        24
          32     1.0000    1.0000    1.0000        24
          33     1.0000    0.9583    0.9787        24
          34     1.0000    1.0000    1.0000        24
          35     1.0000    0.8462    0.9167        26
          36     0.8462    1.0000    0.9167        22
          37     1.0000    1.0000    1.0000        24
          38     1.0000    0.7917    0.8837        24
          39     1.0000    0.9167    0.9565        24
          40     0.8276    1.0000    0.9057        24
          41     0.9231    1.0000    0.9600        24
          42     1.0000    0.9583    0.9787        24
          43     1.0000    1.0000    1.0000        24
          44     0.9600    1.0000    0.9796        24
          45     0.9545    0.8750    0.9130        24
          46     1.0000    1.0000    1.0000        24
          47     1.0000    1.0000    1.0000        24
          48     1.0000    1.0000    1.0000        24
          49     0.9600    1.0000    0.9796        24
          50     1.0000    1.0000    1.0000        24
          51     1.0000    1.0000    1.0000        24
          52     0.8889    1.0000    0.9412        24
          53     1.0000    1.0000    1.0000        24
          54     1.0000    1.0000    1.0000        24
          55     1.0000    1.0000    1.0000        24
          56     1.0000    1.0000    1.0000        24
          57     1.0000    1.0000    1.0000        24
          58     0.9600    1.0000    0.9796        24
          59     1.0000    1.0000    1.0000        24
          60     1.0000    0.9583    0.9787        24
          61     1.0000    0.9583    0.9787        24
          62     0.9583    0.9583    0.9583        24
          63     1.0000    1.0000    1.0000        24
          64     1.0000    1.0000    1.0000        24
          65     1.0000    1.0000    1.0000        24
          66     1.0000    1.0000    1.0000        24
          67     1.0000    1.0000    1.0000        24
          68     1.0000    1.0000    1.0000        24
          69     0.9600    1.0000    0.9796        24
          70     1.0000    1.0000    1.0000        24
          71     1.0000    1.0000    1.0000        24
          72     1.0000    1.0000    1.0000        24
          73     1.0000    1.0000    1.0000        24
          74     1.0000    1.0000    1.0000        24
          75     1.0000    1.0000    1.0000        24
          76     1.0000    0.9583    0.9787        24
          77     1.0000    1.0000    1.0000        24
          78     1.0000    1.0000    1.0000        24
          79     1.0000    1.0000    1.0000        24
          80     1.0000    1.0000    1.0000        24
          81     1.0000    1.0000    1.0000        24
          82     0.9600    1.0000    0.9796        24
          83     1.0000    1.0000    1.0000        24
          84     1.0000    1.0000    1.0000        24
          85     1.0000    1.0000    1.0000        24
          86     1.0000    1.0000    1.0000        24
          87     0.9600    1.0000    0.9796        24
          88     1.0000    1.0000    1.0000        24
          89     1.0000    1.0000    1.0000        24
          90     1.0000    1.0000    1.0000        24
          91     1.0000    1.0000    1.0000        24
          92     1.0000    1.0000    1.0000        24
          93     1.0000    1.0000    1.0000        24
          94     1.0000    1.0000    1.0000        24
          95     1.0000    1.0000    1.0000        24
          96     1.0000    1.0000    1.0000        24
          97     1.0000    1.0000    1.0000        24
          98     1.0000    1.0000    1.0000        24
          99     1.0000    1.0000    1.0000        24
         100     1.0000    1.0000    1.0000        24
         101     1.0000    1.0000    1.0000        24
         102     1.0000    1.0000    1.0000        24
         103     1.0000    0.8889    0.9412        27
         104     0.8750    1.0000    0.9333        21
         105     1.0000    1.0000    1.0000        24
         106     1.0000    1.0000    1.0000        24
         107     1.0000    1.0000    1.0000        24
         108     1.0000    1.0000    1.0000        24
         109     1.0000    1.0000    1.0000        24
         110     1.0000    1.0000    1.0000        24
         111     1.0000    1.0000    1.0000        24
         112     1.0000    1.0000    1.0000        24
         113     1.0000    1.0000    1.0000        24
         114     1.0000    1.0000    1.0000        24
         115     0.9474    0.7500    0.8372        24
         116     1.0000    1.0000    1.0000        24
         117     1.0000    0.9583    0.9787        24
         118     0.9231    1.0000    0.9600        24
         119     1.0000    0.7500    0.8571        24
         120     1.0000    1.0000    1.0000        24
         121     1.0000    1.0000    1.0000        24
         122     1.0000    1.0000    1.0000        24
         123     1.0000    1.0000    1.0000        24
         124     1.0000    1.0000    1.0000        24
         125     1.0000    1.0000    1.0000        24
         126     1.0000    1.0000    1.0000        24
         127     1.0000    1.0000    1.0000        24
         128     1.0000    1.0000    1.0000        24
         129     1.0000    1.0000    1.0000        24
         130     1.0000    0.7917    0.8837        24
         131     1.0000    1.0000    1.0000        24
         132     1.0000    1.0000    1.0000        24
         133     1.0000    1.0000    1.0000        24
         134     1.0000    1.0000    1.0000        24
         135     1.0000    1.0000    1.0000        24
         136     1.0000    1.0000    1.0000        24
         137     1.0000    1.0000    1.0000        24
         138     1.0000    1.0000    1.0000        24
         139     1.0000    1.0000    1.0000        24
         140     1.0000    1.0000    1.0000        24
         141     1.0000    1.0000    1.0000        24
         142     1.0000    1.0000    1.0000        24
         143     1.0000    1.0000    1.0000        24
         144     1.0000    1.0000    1.0000        24
         145     1.0000    1.0000    1.0000        24
         146     1.0000    1.0000    1.0000        24
         147     0.8571    1.0000    0.9231        24
         148     1.0000    1.0000    1.0000        24
         149     1.0000    1.0000    1.0000        24
         150     1.0000    1.0000    1.0000        24
         151     1.0000    1.0000    1.0000        24
         152     1.0000    1.0000    1.0000        24
         153     0.9600    1.0000    0.9796        24
         154     1.0000    1.0000    1.0000        24
         155     1.0000    1.0000    1.0000        24
         156     0.9231    1.0000    0.9600        24
         157     1.0000    1.0000    1.0000        24
         158     1.0000    0.7500    0.8571        24
         159     1.0000    1.0000    1.0000        24
         160     1.0000    1.0000    1.0000        24
         161     1.0000    0.9167    0.9565        24
         162     1.0000    0.9583    0.9787        24
         163     0.9583    0.9583    0.9583        24
         164     0.9231    1.0000    0.9600        24
         165     1.0000    1.0000    1.0000        24
         166     1.0000    1.0000    1.0000        24
         167     1.0000    1.0000    1.0000        24
         168     1.0000    1.0000    1.0000        24
         169     1.0000    1.0000    1.0000        24
         170     1.0000    1.0000    1.0000        24
         171     1.0000    1.0000    1.0000        24
         172     0.8889    1.0000    0.9412        24
         173     1.0000    1.0000    1.0000        24
         174     1.0000    1.0000    1.0000        24
         175     1.0000    1.0000    1.0000        24
         176     1.0000    1.0000    1.0000        24
         177     1.0000    1.0000    1.0000        24
         178     1.0000    0.9583    0.9787        24
         179     1.0000    1.0000    1.0000        24
         180     1.0000    1.0000    1.0000        24
         181     1.0000    1.0000    1.0000        24
         182     1.0000    1.0000    1.0000        24
         183     1.0000    1.0000    1.0000        24
         184     1.0000    1.0000    1.0000        24
         185     1.0000    1.0000    1.0000        24
         186     1.0000    1.0000    1.0000        24
         187     1.0000    0.9583    0.9787        24
         188     1.0000    1.0000    1.0000        24
         189     1.0000    1.0000    1.0000        24
         190     1.0000    1.0000    1.0000        24
         191     1.0000    1.0000    1.0000        24
         192     1.0000    1.0000    1.0000        24
         193     0.9600    1.0000    0.9796        24
         194     1.0000    1.0000    1.0000        24
         195     1.0000    0.9167    0.9565        24
         196     1.0000    1.0000    1.0000        24
         197     1.0000    1.0000    1.0000        24
         198     0.9600    1.0000    0.9796        24
         199     1.0000    1.0000    1.0000        24
         200     1.0000    0.9583    0.9787        24
         201     1.0000    0.9583    0.9787        24
         202     1.0000    1.0000    1.0000        24
         203     1.0000    1.0000    1.0000        24
         204     1.0000    1.0000    1.0000        24
         205     1.0000    1.0000    1.0000        24
         206     1.0000    1.0000    1.0000        24
         207     0.9600    1.0000    0.9796        24
         208     1.0000    1.0000    1.0000        24
         209     1.0000    1.0000    1.0000        24
         210     1.0000    1.0000    1.0000        24
         211     1.0000    1.0000    1.0000        24
         212     1.0000    1.0000    1.0000        24
         213     1.0000    1.0000    1.0000        24
         214     1.0000    1.0000    1.0000        24
         215     1.0000    1.0000    1.0000        24
         216     1.0000    1.0000    1.0000        24
         217     1.0000    1.0000    1.0000        24
         218     1.0000    1.0000    1.0000        24
         219     1.0000    1.0000    1.0000        24
         220     1.0000    1.0000    1.0000        24
         221     1.0000    1.0000    1.0000        24
         222     1.0000    1.0000    1.0000        24
         223     1.0000    1.0000    1.0000        24
         224     1.0000    1.0000    1.0000        24
         225     1.0000    1.0000    1.0000        24
         226     1.0000    1.0000    1.0000        24
         227     1.0000    1.0000    1.0000        24
         228     1.0000    1.0000    1.0000        24
         229     1.0000    1.0000    1.0000        24
         230     0.8276    1.0000    0.9057        24
         231     0.7857    0.9167    0.8462        24
         232     1.0000    1.0000    1.0000        24
         233     1.0000    1.0000    1.0000        24
         234     1.0000    1.0000    1.0000        24
         235     1.0000    0.9583    0.9787        24
         236     1.0000    1.0000    1.0000        24
         237     1.0000    1.0000    1.0000        24
         238     1.0000    1.0000    1.0000        24
         239     1.0000    1.0000    1.0000        24
         240     1.0000    1.0000    1.0000        24
         241     1.0000    1.0000    1.0000        24
         242     1.0000    1.0000    1.0000        24
         243     1.0000    1.0000    1.0000        24
         244     1.0000    1.0000    1.0000        24
         245     1.0000    1.0000    1.0000        24
         246     1.0000    1.0000    1.0000        24
         247     1.0000    1.0000    1.0000        24
         248     1.0000    1.0000    1.0000        24
         249     1.0000    1.0000    1.0000        24
         250     1.0000    1.0000    1.0000        24
         251     1.0000    1.0000    1.0000        24
         252     1.0000    1.0000    1.0000        24
         253     1.0000    1.0000    1.0000        24
         254     1.0000    1.0000    1.0000        24
         255     1.0000    1.0000    1.0000        24
         256     1.0000    1.0000    1.0000        24
         257     1.0000    1.0000    1.0000        24
         258     1.0000    1.0000    1.0000        24
         259     1.0000    1.0000    1.0000        24
         260     1.0000    1.0000    1.0000        24
         261     1.0000    1.0000    1.0000        24
         262     1.0000    1.0000    1.0000        24
         263     1.0000    1.0000    1.0000        24
         264     1.0000    1.0000    1.0000        24
         265     1.0000    1.0000    1.0000        24
         266     0.9600    1.0000    0.9796        24
         267     1.0000    1.0000    1.0000        24
         268     1.0000    0.9583    0.9787        24
         269     1.0000    1.0000    1.0000        24
         270     1.0000    1.0000    1.0000        24
         271     1.0000    1.0000    1.0000        24
         272     1.0000    1.0000    1.0000        24
         273     1.0000    1.0000    1.0000        24
         274     1.0000    1.0000    1.0000        24
         275     1.0000    1.0000    1.0000        24
         276     1.0000    1.0000    1.0000        24
         277     1.0000    1.0000    1.0000        24
         278     1.0000    1.0000    1.0000        24
         279     1.0000    0.9583    0.9787        24
         280     1.0000    1.0000    1.0000        24
         281     1.0000    1.0000    1.0000        24
         282     1.0000    1.0000    1.0000        24
         283     1.0000    1.0000    1.0000        24
         284     1.0000    1.0000    1.0000        24
         285     1.0000    1.0000    1.0000        24
         286     1.0000    1.0000    1.0000        24
         287     1.0000    1.0000    1.0000        24
         288     1.0000    0.9583    0.9787        24
         289     1.0000    1.0000    1.0000        24
         290     1.0000    1.0000    1.0000        24
         291     1.0000    1.0000    1.0000        24
         292     0.9600    1.0000    0.9796        24
         293     1.0000    1.0000    1.0000        24
         294     1.0000    1.0000    1.0000        24
         295     1.0000    1.0000    1.0000        24
         296     1.0000    1.0000    1.0000        24
         297     1.0000    1.0000    1.0000        24
         298     1.0000    1.0000    1.0000        24
         299     1.0000    1.0000    1.0000        24
         300     1.0000    1.0000    1.0000        24
         301     1.0000    1.0000    1.0000        24
         302     1.0000    1.0000    1.0000        24
         303     1.0000    0.9583    0.9787        24
         304     1.0000    1.0000    1.0000        24
         305     1.0000    1.0000    1.0000        24
         306     1.0000    0.9583    0.9787        24
         307     1.0000    1.0000    1.0000        24
         308     1.0000    1.0000    1.0000        24
         309     1.0000    1.0000    1.0000        24
         310     1.0000    1.0000    1.0000        24
         311     1.0000    1.0000    1.0000        24
         312     1.0000    1.0000    1.0000        24
         313     1.0000    1.0000    1.0000        24
         314     1.0000    1.0000    1.0000        24
         315     1.0000    1.0000    1.0000        24
         316     1.0000    1.0000    1.0000        24
         317     1.0000    1.0000    1.0000        24
         318     1.0000    1.0000    1.0000        24
         319     1.0000    1.0000    1.0000        24
         320     1.0000    1.0000    1.0000        24
         321     1.0000    1.0000    1.0000        24
         322     1.0000    1.0000    1.0000        24
         323     1.0000    1.0000    1.0000        24
         324     0.9600    1.0000    0.9796        24
         325     1.0000    1.0000    1.0000        24
         326     1.0000    1.0000    1.0000        24
         327     1.0000    1.0000    1.0000        24
         328     1.0000    1.0000    1.0000        24
         329     1.0000    0.9583    0.9787        24
         330     1.0000    1.0000    1.0000        24
         331     1.0000    1.0000    1.0000        24
         332     1.0000    1.0000    1.0000        24
         333     1.0000    1.0000    1.0000        24
         334     1.0000    1.0000    1.0000        24
         335     1.0000    1.0000    1.0000        24
         336     0.9600    1.0000    0.9796        24
         337     1.0000    1.0000    1.0000        24
         338     1.0000    1.0000    1.0000        24
         339     1.0000    1.0000    1.0000        24
         340     1.0000    1.0000    1.0000        24
         341     1.0000    1.0000    1.0000        24
         342     1.0000    1.0000    1.0000        24
         343     1.0000    1.0000    1.0000        24
         344     1.0000    1.0000    1.0000        24
         345     1.0000    0.9583    0.9787        24
         346     0.9600    1.0000    0.9796        24
         347     1.0000    0.9583    0.9787        24
         348     1.0000    1.0000    1.0000        24
         349     1.0000    1.0000    1.0000        24
         350     1.0000    1.0000    1.0000        24
         351     0.9600    1.0000    0.9796        24
         352     1.0000    1.0000    1.0000        24
         353     1.0000    1.0000    1.0000        24
         354     1.0000    1.0000    1.0000        24
         355     1.0000    1.0000    1.0000        24
         356     1.0000    1.0000    1.0000        24
         357     1.0000    1.0000    1.0000        24
         358     1.0000    0.9583    0.9787        24
         359     1.0000    1.0000    1.0000        24
         360     1.0000    1.0000    1.0000        24
         361     0.9600    1.0000    0.9796        24
         362     1.0000    1.0000    1.0000        24
         363     1.0000    1.0000    1.0000        24
         364     1.0000    1.0000    1.0000        24
         365     1.0000    1.0000    1.0000        24
         366     1.0000    1.0000    1.0000        24
         367     1.0000    1.0000    1.0000        24
         368     0.9600    1.0000    0.9796        24
         369     1.0000    1.0000    1.0000        24
         370     1.0000    1.0000    1.0000        24
         371     1.0000    1.0000    1.0000        24
         372     1.0000    0.9583    0.9787        24
         373     1.0000    1.0000    1.0000        24
         374     1.0000    1.0000    1.0000        24
         375     1.0000    1.0000    1.0000        24
         376     1.0000    0.9583    0.9787        24
         377     1.0000    1.0000    1.0000        24
         378     1.0000    0.9583    0.9787        24
         379     1.0000    1.0000    1.0000        24
         380     1.0000    1.0000    1.0000        24
         381     1.0000    1.0000    1.0000        24
         382     1.0000    1.0000    1.0000        24
         383     1.0000    1.0000    1.0000        24
         384     1.0000    1.0000    1.0000        24
         385     1.0000    1.0000    1.0000        24
         386     1.0000    1.0000    1.0000        19
         387     1.0000    1.0000    1.0000        19
         388     0.9583    0.9583    0.9583        24
         389     1.0000    1.0000    1.0000        24
         390     1.0000    1.0000    1.0000        24
         391     1.0000    1.0000    1.0000        24
         392     1.0000    1.0000    1.0000        24
         393     1.0000    1.0000    1.0000        24
         394     0.9600    1.0000    0.9796        24
         395     1.0000    1.0000    1.0000        24
         396     1.0000    0.9583    0.9787        24
         397     1.0000    1.0000    1.0000        24
         398     1.0000    1.0000    1.0000        24
         399     1.0000    1.0000    1.0000        24
         400     1.0000    1.0000    1.0000        24
         401     1.0000    1.0000    1.0000        24
         402     0.9600    1.0000    0.9796        24
         403     1.0000    1.0000    1.0000        24
         404     1.0000    1.0000    1.0000        24
         405     0.9600    1.0000    0.9796        24
         406     1.0000    1.0000    1.0000        24
         407     1.0000    1.0000    1.0000        24
         408     1.0000    1.0000    1.0000        24
         409     1.0000    1.0000    1.0000        24
         410     1.0000    0.9583    0.9787        24
         411     1.0000    1.0000    1.0000        24
         412     1.0000    0.9583    0.9787        24
         413     1.0000    1.0000    1.0000        24
         414     1.0000    1.0000    1.0000        24
         415     1.0000    1.0000    1.0000        24
         416     1.0000    1.0000    1.0000        24
         417     1.0000    1.0000    1.0000        24
         418     1.0000    1.0000    1.0000        24
         419     1.0000    1.0000    1.0000        24
         420     1.0000    1.0000    1.0000        24
         421     0.9600    1.0000    0.9796        24
         422     1.0000    1.0000    1.0000        24
         423     1.0000    1.0000    1.0000        24
         424     1.0000    1.0000    1.0000        24
         425     1.0000    1.0000    1.0000        24
         426     1.0000    1.0000    1.0000        24
         427     0.8214    0.9583    0.8846        24
         428     1.0000    1.0000    1.0000        24
         429     1.0000    1.0000    1.0000        24
         430     1.0000    1.0000    1.0000        24
         431     1.0000    1.0000    1.0000        24
         432     1.0000    1.0000    1.0000        24
         433     1.0000    1.0000    1.0000        24
         434     1.0000    1.0000    1.0000        24
         435     1.0000    1.0000    1.0000        24
         436     0.9600    1.0000    0.9796        24
         437     0.9600    1.0000    0.9796        24
         438     1.0000    1.0000    1.0000        24
         439     1.0000    1.0000    1.0000        24
         440     1.0000    1.0000    1.0000        24
         441     1.0000    1.0000    1.0000        24
         442     1.0000    1.0000    1.0000        24
         443     1.0000    1.0000    1.0000        24
         444     1.0000    1.0000    1.0000        24
         445     0.9231    1.0000    0.9600        24
         446     1.0000    1.0000    1.0000        24
         447     1.0000    1.0000    1.0000        24
         448     1.0000    1.0000    1.0000        24
         449     1.0000    1.0000    1.0000        24
         450     1.0000    1.0000    1.0000        24
         451     1.0000    1.0000    1.0000        24
         452     1.0000    1.0000    1.0000        24
         453     1.0000    1.0000    1.0000        24
         454     1.0000    1.0000    1.0000        24
         455     1.0000    1.0000    1.0000        24
         456     1.0000    1.0000    1.0000        24
         457     1.0000    1.0000    1.0000        24
         458     1.0000    0.9583    0.9787        24
         459     1.0000    1.0000    1.0000        24
         460     1.0000    1.0000    1.0000        24
         461     1.0000    1.0000    1.0000        24
         462     1.0000    1.0000    1.0000        24
         463     1.0000    1.0000    1.0000        24
         464     1.0000    1.0000    1.0000        24
         465     1.0000    1.0000    1.0000        24
         466     1.0000    1.0000    1.0000        24
         467     1.0000    1.0000    1.0000        24
         468     1.0000    1.0000    1.0000        24
         469     1.0000    1.0000    1.0000        24
         470     1.0000    1.0000    1.0000        24
         471     1.0000    1.0000    1.0000        24
         472     1.0000    1.0000    1.0000        24
         473     1.0000    1.0000    1.0000        24
         474     1.0000    1.0000    1.0000        24
         475     1.0000    1.0000    1.0000        24
         476     1.0000    1.0000    1.0000        24
         477     1.0000    1.0000    1.0000        24
         478     1.0000    0.9583    0.9787        24
         479     1.0000    1.0000    1.0000        24
         480     1.0000    1.0000    1.0000        24
         481     1.0000    1.0000    1.0000        24
         482     1.0000    1.0000    1.0000        24
         483     0.9600    1.0000    0.9796        24
         484     1.0000    1.0000    1.0000        24
         485     1.0000    1.0000    1.0000        24
         486     1.0000    1.0000    1.0000        24
         487     0.9600    1.0000    0.9796        24
         488     1.0000    1.0000    1.0000        24
         489     1.0000    1.0000    1.0000        24
         490     1.0000    1.0000    1.0000        24
         491     1.0000    1.0000    1.0000        24
         492     1.0000    1.0000    1.0000        24
         493     1.0000    1.0000    1.0000        24
         494     1.0000    1.0000    1.0000        24
         495     1.0000    0.9583    0.9787        24
         496     1.0000    1.0000    1.0000        24
         497     1.0000    1.0000    1.0000        24
         498     1.0000    0.9583    0.9787        24
         499     1.0000    0.9583    0.9787        24
         500     1.0000    1.0000    1.0000        24
         501     1.0000    1.0000    1.0000        24

    accuracy                         0.9920     12046
   macro avg     0.9927    0.9922    0.9921     12046
weighted avg     0.9927    0.9920    0.9920     12046


Test Accuracy → Top-1: 0.9920, Top-5: 0.9985, Top-10: 0.9992